24 0.5770000070333481 0.27361319214105606 0.3620000183582306 0.22338829934597015
24 0.945000022649765 0.29910044372081757 0.10600000619888306 0.106446772813797
24 0.593999981880188 0.14992503449320793 0.40799999237060547 0.16491753607988358
24 0.6099999994039536 0.03973013535141945 0.2600000202655792 0.0794602707028389
24 0.3200000077486038 0.04797601327300072 0.31200000643730164 0.09595202654600143
24 0.9180000126361847 0.37931035459041595 0.1600000262260437 0.19790104031562805
24 0.9220000207424164 0.24887556582689285 0.15200001001358032 0.056971535086631775
24 0.8699999749660492 0.08545727236196399 0.23600000143051147 0.15592204127460718
24 0.12200000137090683 0.8485757112503052 0.24400000274181366 0.21889054775238037
24 0.7950000166893005 0.3620689660310745 0.1499999761581421 0.106446772813797
24 0.43700000643730164 0.3710644692182541 0.17800003290176392 0.2413792908191681
