24 0.6866267323493958 0.46799999475479126 0.2954092025756836 0.06400001049041748
24 0.6227544993162155 0.539000004529953 0.27145710587501526 0.06199997663497925
24 0.6876247525215149 0.39400000870227814 0.1776447296142578 0.07199999690055847
24 0.6477046012878418 0.32600000500679016 0.1417165994644165 0.06400001049041748
24 0.5119760558009148 0.75 0.572854295372963 0.0679999589920044
24 0.6536926329135895 0.1899999976158142 0.06986027956008911 0.06000000238418579
24 0.312375258654356 0.47099998593330383 0.42914173752069473 0.06999999284744263
24 0.24251496884971857 0.2580000013113022 0.44111776165664196 0.06799998879432678
24 0.5089820325374603 0.8160000145435333 0.4431137442588806 0.06800001859664917
24 0.541916161775589 0.04400000115856528 0.2974051833152771 0.07600000221282244
