24 0.4970000088214874 0.328000009059906 0.26200002431869507 0.09200000762939453
24 0.5890000015497208 0.44599999487400055 0.3020000159740448 0.09599998593330383
24 0.2050000075250864 0.33299998939037323 0.3100000135600567 0.09000000357627869
24 0.8219999969005585 0.3310000002384186 0.328000009059906 0.09399998188018799
24 0.5280000120401382 0.8830000162124634 0.31200000643730164 0.09399998188018799
24 0.1790000069886446 0.5570000112056732 0.27400001510977745 0.0899999737739563
24 0.8790000081062317 0.44599999487400055 0.2380000352859497 0.09599998593330383
24 0.09200000017881393 0.4399999976158142 0.18400000035762787 0.09600001573562622
24 0.6980000138282776 0.9760000109672546 0.3240000009536743 0.04400002956390381
24 0.3140000030398369 0.44700001180171967 0.2239999920129776 0.09000000357627869
24 0.7280000150203705 0.7709999978542328 0.2919999957084656 0.08600002527236938
