10 0.3875562250614166 0.6669999957084656 0.17541229724884033 0.5740000009536743
10 0.2653673142194748 0.4999999850988388 0.1319340169429779 0.41199997067451477
10 0.5487256497144699 0.5059999972581863 0.12293854355812073 0.3879999816417694
10 0.17166416347026825 0.45099999010562897 0.10944527387619019 0.3699999749660492
10 0.8208395838737488 0.5050000101327896 0.0794602632522583 0.21000000834465027
10 0.7383808195590973 0.5090000033378601 0.07646173238754272 0.20200002193450928
10 0.6604197919368744 0.44599999487400055 0.10344833135604858 0.32399997115135193
10 0.45802098512649536 0.47300000488758087 0.05847078561782837 0.3100000321865082
10 0.7863568365573883 0.3479999899864197 0.14842575788497925 0.30799996852874756
10 0.3148425817489624 0.396000012755394 0.07496249675750732 0.2600000202655792
10 0.8950524628162384 0.5180000066757202 0.06596702337265015 0.23199999332427979
10 0.8898050785064697 0.5750000178813934 0.05547225475311279 0.12599998712539673
10 0.345577210187912 0.7880000174045563 0.691154420375824 0.42000001668930054
