21 0.152655 0.302360 0.063422 0.035398
21 0.110619 0.408555 0.079646 0.064897
21 0.437316 0.358407 0.075221 0.064897
21 0.557522 0.346608 0.061947 0.064897
21 0.756637 0.364307 0.044248 0.082596
21 0.480826 0.436578 0.088496 0.038348
21 0.372419 0.656342 0.051622 0.100295
21 0.481563 0.558997 0.148968 0.112094
21 0.494100 0.631268 0.067847 0.109145
21 0.598083 0.538348 0.095870 0.058997
21 0.585546 0.700590 0.082596 0.082596
21 0.724189 0.620944 0.115044 0.058997
21 0.752212 0.663717 0.117994 0.085546
21 0.704277 0.719764 0.092920 0.126844
21 0.643068 0.278761 0.058997 0.076696
21 0.735988 0.290560 0.070796 0.053097
21 0.782448 0.464602 0.066372 0.088496