21 0.314940 0.410762 0.015617 0.077120
21 0.347909 0.343282 0.015617 0.046272
21 0.383481 0.358706 0.015617 0.065552
21 0.356585 0.418474 0.038175 0.042416
21 0.326653 0.568859 0.032101 0.077120
21 0.494968 0.402086 0.044248 0.040488
21 0.580427 0.297974 0.038175 0.025064
21 0.609492 0.294118 0.016484 0.079048
21 0.688444 0.326894 0.026896 0.075192
21 0.678032 0.680683 0.025161 0.096400
21 0.504078 0.894692 0.041645 0.053984
21 0.422957 0.401122 0.044248 0.061696
21 0.460264 0.309542 0.021690 0.036632
21 0.374805 0.476314 0.017352 0.077120
21 0.460264 0.485954 0.018220 0.065552
21 0.385216 0.552471 0.019087 0.075192
21 0.373503 0.597779 0.045983 0.026992
21 0.429030 0.647907 0.016484 0.038560
21 0.445514 0.566931 0.016484 0.088688
21 0.478917 0.529335 0.036439 0.055912
21 0.508850 0.502343 0.021690 0.086760
21 0.480219 0.614167 0.032101 0.032776
21 0.514923 0.628627 0.044248 0.053984