15 0.20600000768899918 0.5473372638225555 0.30800001323223114 0.4082840085029602
15 0.7509999871253967 0.49309664964675903 0.16600000858306885 0.12228798866271973
15 0.925000011920929 0.5966469347476959 0.14600002765655518 0.14792901277542114
15 0.6839999854564667 0.6055226922035217 0.07999998331069946 0.09467458724975586
15 0.8869999945163727 0.36094674468040466 0.1420000195503235 0.10256409645080566
15 0.24500000476837158 0.23668639361858368 0.49000000953674316 0.47337278723716736
15 0.5600000023841858 0.5029585808515549 0.10000002384185791 0.12623277306556702
15 0.9259999990463257 0.7514792680740356 0.10000002384185791 0.20118343830108643
15 0.5589999854564667 0.8234713971614838 0.09799998998641968 0.21104532480239868
15 0.8240000009536743 0.7435897290706635 0.12800002098083496 0.18934911489486694
15 0.8240000009536743 0.7435897290706635 0.12800002098083496 0.18934911489486694
