26 0.4124999940395355 0.3350515514612198 0.3974999785423279 0.12089970707893372
26 0.1731249988079071 0.8828491270542145 0.13124999403953552 0.13495784997940063
26 0.3943750113248825 0.8823805153369904 0.13124999403953552 0.13589507341384888
26 0.2824999960139394 0.5848172605037689 0.5124999936670065 0.11433929204940796
26 0.2931250035762787 0.7924086153507233 0.018750011920928955 0.0384255051612854
26 0.28562499582767487 0.8120899796485901 0.2512499988079071 0.04967200756072998
26 0.33500000834465027 0.7858481705188751 0.052500009536743164 0.02530461549758911
26 0.8393749892711639 0.25913776457309723 0.06874996423721313 0.07029053568840027
26 0.17249999940395355 0.8430177867412567 0.12999999523162842 0.1208997368812561
26 0.16687500104308128 0.8181818127632141 0.10125000029802322 0.0712277889251709
