6 0.039548 0.282486 0.070621 0.211864
6 0.185028 0.257062 0.084746 0.276836
6 0.281073 0.247881 0.079096 0.283898
6 0.593220 0.256356 0.084746 0.289548
6 0.684322 0.256356 0.069209 0.275424
6 0.811441 0.270480 0.060734 0.247175
6 0.377825 0.313559 0.074859 0.161017
6 0.301554 0.551554 0.069209 0.216102
6 0.716808 0.561441 0.057910 0.187853
6 0.389831 0.587571 0.070621 0.177966
6 0.055791 0.572034 0.069209 0.166667
6 0.259181 0.819209 0.072034 0.180791
6 0.456215 0.810028 0.081921 0.185028
6 0.572740 0.822034 0.040960 0.161017
6 0.795198 0.825565 0.059322 0.173729