11 0.17888889461755753 0.34166666120290756 0.09111110866069794 0.21666665375232697
11 0.95333331823349 0.7383333146572113 0.08888888359069824 0.1899999976158142
11 0.8433333337306976 0.9149999916553497 0.12666672468185425 0.16333335638046265
11 0.28111111372709274 0.5383333414793015 0.14888890087604523 0.1300000250339508
11 0.6733333468437195 0.3800000101327896 0.14666664600372314 0.09333333373069763
11 0.9288888871669769 0.22166667133569717 0.13777774572372437 0.10333333909511566
11 0.04111111303791404 0.13166666589677334 0.05111111421138048 0.20999999716877937
11 0.7899999916553497 0.6633333265781403 0.08666664361953735 0.2333332896232605
11 0.15333333238959312 0.22500000894069672 0.13777778297662735 0.15000000596046448
11 0.18222221732139587 0.07666666805744171 0.09333333373069763 0.15333333611488342
11 0.2866666689515114 0.6550000011920929 0.09777776896953583 0.18333333730697632
11 0.15777777507901192 0.6983333230018616 0.14666666835546494 0.11000001430511475
11 0.18111111223697662 0.49666666984558105 0.06000000238418579 0.12666666507720947
11 0.9511111080646515 0.4583333283662796 0.09333330392837524 0.12999996542930603
11 0.45222221314907074 0.07333333045244217 0.17999997735023499 0.14666666090488434
11 0.801111102104187 0.20333333313465118 0.1222221851348877 0.09999999403953552
11 0.8755555748939514 0.37333332002162933 0.14666664600372314 0.09333333373069763
11 0.3355555534362793 0.75 0.1066666841506958 0.1733332872390747
11 0.6866666674613953 0.8133333325386047 0.12444448471069336 0.16666662693023682
11 0.8055555522441864 0.4466666579246521 0.05111116170883179 0.14666664600372314
11 0.3355555534362793 0.92166668176651 0.0577777624130249 0.1499999761581421
11 0.11777777597308159 0.06499999924562871 0.06666667014360428 0.12333333166316152
11 0.7599999904632568 0.3516666740179062 0.07555556297302246 0.0833333432674408
