4 0.45499999821186066 0.19999999180436134 0.10999998450279236 0.15466665476560593
4 0.8370000123977661 0.1333333346992731 0.11000001430511475 0.14933333918452263
4 0.10400000214576721 0.31733333319425583 0.09200000762939453 0.14400000870227814
4 0.18699999898672104 0.35466666519641876 0.08999998867511749 0.12799999117851257
4 0.19299999624490738 0.08133333083242178 0.09800000488758087 0.1359999943524599
4 0.4320000112056732 0.06266666948795319 0.11599999666213989 0.12533333897590637
4 0.29600000381469727 0.09066666476428509 0.09600001573562622 0.12799999490380287
4 0.7520000040531158 0.25066666305065155 0.10799998044967651 0.14933332800865173
4 0.7820000052452087 0.3879999965429306 0.10000002384185791 0.13600000739097595
4 0.0860000029206276 0.06533333635888994 0.10000000894069672 0.12533333944156766
4 0.7339999973773956 0.07066666334867477 0.1040000319480896 0.14133332669734955
4 0.6579999923706055 0.6119999885559082 0.09200000762939453 0.11466670036315918
4 0.8899999856948853 0.42000000178813934 0.1119999885559082 0.14666667580604553
4 0.703000009059906 0.4946666657924652 0.09399998188018799 0.13066667318344116
4 0.660999983549118 0.36533333361148834 0.1340000033378601 0.14400002360343933
4 0.8490000069141388 0.2813333347439766 0.09799998998641968 0.14133332669734955
4 0.5410000085830688 0.09999999962747097 0.11000001430511475 0.15733333304524422
4 0.6509999930858612 0.17733333259820938 0.10600000619888306 0.15199999511241913
4 0.660999983549118 0.36533333361148834 0.1340000033378601 0.14400002360343933
4 0.9379999935626984 0.1653333306312561 0.10799998044967651 0.14933332800865173
4 0.6509999930858612 0.17733333259820938 0.10600000619888306 0.15199999511241913
