Needles 0.22113943099975586 0.7529999911785126 0.049475252628326416 0.15399998426437378
Needles 0.29760120809078217 0.75 0.04647675156593323 0.14800000190734863
Needles 0.3718140870332718 0.7459999918937683 0.050974518060684204 0.14800000190734863
Needles 0.14392803609371185 0.7590000033378601 0.04497751593589783 0.1499999761581421
Needles 0.7676161825656891 0.7459999918937683 0.04497748613357544 0.13999998569488525
Needles 0.6289355456829071 0.7460000216960907 0.046476781368255615 0.14399999380111694
Needles 0.4445277452468872 0.742000013589859 0.049475252628326416 0.14399999380111694
Needles 0.8365817070007324 0.7450000047683716 0.04197895526885986 0.1380000114440918
Needles 0.6986506581306458 0.7470000088214874 0.047976016998291016 0.1459999680519104
Needles 0.4992503821849823 0.5010000129695982 0.9985007643699646 0.9940000255592167
Needles 0.9025487005710602 0.7439999878406525 0.04197901487350464 0.13599997758865356
Needles 0.17616192251443863 0.1549999974668026 0.04647676646709442 0.1419999971985817
