Needles 0.43700000643730164 0.7937131524085999 0.10199999809265137 0.3614931106567383
Needles 0.28999999910593033 0.8113949000835419 0.1600000113248825 0.22003930807113647
Needles 0.24299999326467514 0.6827111840248108 0.32599999010562897 0.2573673725128174
Needles 0.8330000042915344 0.35559920966625214 0.22599995136260986 0.1453830897808075
Needles 0.3870000094175339 0.24165030010044575 0.15000000596046448 0.37721022590994835
Needles 0.6239999830722809 0.7809430360794067 0.18800002336502075 0.34381139278411865
Needles 0.5949999988079071 0.2328094318509102 0.15399998426437378 0.3831041306257248
Needles 0.8330000042915344 0.35559920966625214 0.22599995136260986 0.1453830897808075
Needles 0.7350000143051147 0.24754419922828674 0.17400002479553223 0.19646364450454712
Needles 0.7350000143051147 0.24754419922828674 0.17400002479553223 0.19646364450454712
Needles 0.3870000094175339 0.24165030010044575 0.15000000596046448 0.37721022590994835
