Needles 0.3620000034570694 0.7849999964237213 0.1599999964237213 0.22600001096725464
Needles 0.5540000200271606 0.20800000429153442 0.09200000762939453 0.24000000953674316
Needles 0.7590000033378601 0.36399999260902405 0.24600005149841309 0.11599999666213989
Needles 0.20599999651312828 0.34200000762939453 0.25599998980760574 0.08399999141693115
Needles 0.6689999997615814 0.25300000607967377 0.17800003290176392 0.21000000834465027
Needles 0.7619999945163727 0.6500000059604645 0.22400003671646118 0.16800004243850708
Needles 0.6759999990463257 0.7470000088214874 0.18799996376037598 0.23799997568130493
Needles 0.5340000092983246 0.8009999990463257 0.06800001859664917 0.2619999647140503
Needles 0.7590000033378601 0.36399999260902405 0.24600005149841309 0.11599999666213989
Needles 0.28199999779462814 0.25200000405311584 0.1639999896287918 0.2160000205039978
Needles 0.26500000059604645 0.7170000076293945 0.23800000548362732 0.1380000114440918
