33 0.052511 0.734498 0.057642 0.228821
33 0.133079 0.734934 0.058952 0.224454
33 0.205786 0.695197 0.055022 0.300437
33 0.286026 0.648472 0.056987 0.393886
33 0.359389 0.671616 0.056987 0.345852
33 0.432751 0.654148 0.056987 0.379039
33 0.503821 0.574672 0.056332 0.532751
33 0.575218 0.634498 0.055022 0.416594
33 0.649891 0.604367 0.052402 0.478603
33 0.722271 0.586463 0.056987 0.510917
33 0.800546 0.572052 0.055022 0.532751
33 0.871616 0.599563 0.058297 0.472489
33 0.947926 0.603493 0.051092 0.466376