Needles 0.6029999852180481 0.6030000001192093 0.15799999237060547 0.414000004529953
Needles 0.8299999833106995 0.5559999942779541 0.25199997425079346 0.40799999237060547
Needles 0.7209999859333038 0.5810000002384186 0.20999997854232788 0.4020000100135803
Needles 0.25299999862909317 0.6089999973773956 0.1420000046491623 0.39399999380111694
Needles 0.3500000089406967 0.7010000050067902 0.09999999403953552 0.22999995946884155
Needles 0.49699999392032623 0.6960000097751617 0.10199996829032898 0.23600000143051147
Needles 0.15199999883770943 0.5920000076293945 0.1759999915957451 0.3880000114440918
Needles 0.24199999123811722 0.69200000166893 0.11999998986721039 0.2279999852180481
Needles 0.3500000089406967 0.6109999865293503 0.09999999403953552 0.4099999964237213
Needles 0.49699999392032623 0.6060000061988831 0.10199996829032898 0.41600000858306885
