37 0.5792452841997147 0.5802631676197052 0.5999999940395355 0.050000011920928955
37 0.4679245352745056 0.7052631676197052 0.5433962345123291 0.11578947305679321
37 0.4735849052667618 0.746052622795105 0.5698113143444061 0.10789477825164795
37 0.4584905579686165 0.7802631556987762 0.5169811099767685 0.06578952074050903
37 0.4867924600839615 0.8552631437778473 0.5962264239788055 0.042105257511138916
37 0.6056603640317917 0.6276315748691559 0.6452830135822296 0.04473680257797241
37 0.47735849767923355 0.8289473652839661 0.6150943487882614 0.047368407249450684
37 0.5773584842681885 0.3789473623037338 0.6415094137191772 0.06315788626670837
37 0.5792452991008759 0.38026314973831177 0.645283043384552 0.06052631139755249
37 0.5452830344438553 0.675000011920929 0.622641533613205 0.06578946113586426
37 0.47547171264886856 0.8263157904148102 0.6113207787275314 0.04736846685409546
37 0.49433962255716324 0.32500000298023224 0.6490565985441208 0.04999998211860657
37 0.5905660390853882 0.5249999910593033 0.6075471639633179 0.07105264067649841
37 0.6452830284833908 0.46973685920238495 0.6113207638263702 0.06578949093818665
37 0.44905659556388855 0.8907894790172577 0.7169811129570007 0.04473680257797241
37 0.47735849767923355 0.8289473652839661 0.6150943487882614 0.047368407249450684
37 0.47735849022865295 0.7223684191703796 0.5622641444206238 0.1499999761581421
37 0.5018867924809456 0.7736842334270477 0.6037735790014267 0.07894736528396606
37 0.47735849767923355 0.8289473652839661 0.6150943487882614 0.047368407249450684
