37 0.128936 0.159000 0.182909 0.310000
37 0.320090 0.171000 0.172414 0.330000
37 0.511994 0.189000 0.178411 0.338000
37 0.703148 0.198000 0.182909 0.348000
37 0.904798 0.237000 0.175412 0.306000
37 0.114693 0.511000 0.181409 0.370000
37 0.315592 0.526000 0.175412 0.352000
37 0.508996 0.529000 0.163418 0.326000
37 0.688156 0.563000 0.161919 0.350000
37 0.872564 0.562000 0.164918 0.336000
37 0.119190 0.855000 0.178411 0.290000
37 0.317841 0.857000 0.179910 0.286000
37 0.505997 0.854000 0.172414 0.292000
37 0.691904 0.873000 0.169415 0.254000
37 0.869565 0.869000 0.167916 0.250000
