37 0.212500 0.090588 0.412500 0.171765
37 0.207813 0.225882 0.371875 0.098824
37 0.213281 0.323529 0.385937 0.138824
37 0.214844 0.452941 0.392188 0.110588
37 0.215625 0.565882 0.390625 0.087059
37 0.214062 0.658824 0.396875 0.098824
37 0.211719 0.776471 0.382812 0.084706
37 0.211719 0.884706 0.370312 0.108235
37 0.571875 0.040000 0.287500 0.075294
37 0.567969 0.222353 0.304688 0.120000
37 0.578906 0.329412 0.301563 0.084706
37 0.575000 0.522353 0.303125 0.127059
37 0.577344 0.416471 0.289062 0.075294
37 0.578906 0.649412 0.289062 0.094118
37 0.588281 0.784706 0.314063 0.124706
