37 0.8569999933242798 0.21025104820728302 0.054000020027160645 0.3075313866138458
37 0.7569999992847443 0.20815899595618248 0.041999995708465576 0.2907949760556221
37 0.8190000057220459 0.21025104261934757 0.046000003814697266 0.30334727093577385
37 0.6089999973773956 0.21129706874489784 0.03800004720687866 0.26359831541776657
37 0.7549999952316284 0.5847280472517014 0.06599998474121094 0.2698744833469391
37 0.714000016450882 0.5784518867731094 0.05199998617172241 0.2615062892436981
37 0.9760000109672546 0.20606695115566254 0.04400002956390381 0.29916319251060486
37 0.7039999961853027 0.20606694743037224 0.04400002956390381 0.2866108790040016
37 0.9749999940395355 0.604602500796318 0.03800004720687866 0.33472803235054016
37 0.7880000174045563 0.20815899409353733 0.04000002145767212 0.29916317388415337
37 0.9039999842643738 0.20711296424269676 0.06400001049041748 0.31799162179231644
37 0.4959999918937683 0.5449790954589844 0.039999961853027344 0.25732219219207764
37 0.5320000052452087 0.548117145895958 0.04400002956390381 0.2594142258167267
37 0.9699999988079071 0.6066945642232895 0.04399996995925903 0.31380751729011536
37 0.6550000011920929 0.5596234351396561 0.04599994421005249 0.27824267745018005
37 0.7010000050067902 0.866108775138855 0.078000009059906 0.26359832286834717
37 0.7360000014305115 0.8682008385658264 0.07599997520446777 0.2594141960144043
37 0.18200000375509262 0.47803346812725067 0.040000006556510925 0.2656903564929962
37 0.7999999821186066 0.581589937210083 0.06000000238418579 0.2803347110748291
