37 0.2826087027788162 0.4829999804496765 0.046583861112594604 0.3619999885559082
37 0.24145962297916412 0.46000000834465027 0.04192546010017395 0.35600000619888306
37 0.32763975858688354 0.5009999871253967 0.04037266969680786 0.3619999885559082
37 0.4161490648984909 0.5459999889135361 0.03416147828102112 0.36399999260902405
37 0.19565217196941376 0.44200000166893005 0.04037266969680786 0.36400002241134644
37 0.45263974368572235 0.5609999895095825 0.035714298486709595 0.3700000047683716
37 0.7251552939414978 0.710999995470047 0.049689412117004395 0.3579999804496765
37 0.3819875717163086 0.5329999923706055 0.034161508083343506 0.3619999885559082
37 0.5551242232322693 0.6340000033378601 0.04813659191131592 0.3400000333786011
37 0.6374223828315735 0.6729999780654907 0.05124223232269287 0.33399999141693115
37 0.552795022726059 0.5320000052452087 0.15838509798049927 0.4520000219345093
37 0.4875776469707489 0.5820000022649765 0.02795034646987915 0.35200002789497375
37 0.5978260934352875 0.6469999849796295 0.034161508083343506 0.33799999952316284
37 0.6832298338413239 0.6840000152587891 0.04037266969680786 0.343999981880188
37 0.35947203636169434 0.507999986410141 0.02950310707092285 0.36799997091293335
37 0.6591614782810211 0.6079999953508377 0.1568322777748108 0.41599997878074646
37 0.7422360181808472 0.6609999984502792 0.1552795171737671 0.45799997448921204
37 0.13509317114949226 0.4180000126361847 0.06521739810705185 0.3920000195503235
37 0.7352484464645386 0.6399999856948853 0.1444098949432373 0.42799997329711914
37 0.5729813575744629 0.5729999989271164 0.13975155353546143 0.4099999964237213
37 0.5248447060585022 0.6019999980926514 0.04347825050354004 0.35199999809265137
37 0.6824534237384796 0.6230000108480453 0.14130431413650513 0.43799999356269836
