9 0.325833335518837 0.2666666693985462 0.3449999988079071 0.464197538793087
9 0.8524999916553497 0.18271604366600513 0.2850000262260437 0.27654319629073143
9 0.601666659116745 0.2469135820865631 0.20333331823349 0.2419753074645996
9 0.4991666697897017 0.10493826866149902 0.9883333398029208 0.20987653732299805
9 0.31583333015441895 0.6283950656652451 0.25833332538604736 0.3037036955356598
9 0.8375000059604645 0.8506172895431519 0.3216666579246521 0.2938271760940552
9 0.7275000214576721 0.5358024537563324 0.2383333444595337 0.2567901015281677
9 0.0925000011920929 0.46296297013759613 0.1850000023841858 0.5654321014881134
9 0.14833332679700106 0.8592592775821686 0.29333332017995417 0.27654320001602173
9 0.5258333384990692 0.8222222328186035 0.19166666269302368 0.2172839641571045
9 0.5133333504199982 0.4938271641731262 0.17666667699813843 0.1975308656692505
9 0.601666659116745 0.2469135820865631 0.20333331823349 0.2419753074645996
9 0.7275000214576721 0.5358024537563324 0.2383333444595337 0.2567901015281677
9 0.48916664719581604 0.9444444477558136 0.32499998807907104 0.10617285966873169
