9 0.7599999904632568 0.6520000100135803 0.18400001525878906 0.20399999618530273
9 0.867000013589859 0.06599999964237213 0.21799999475479126 0.13199999928474426
9 0.3830000013113022 0.6459999978542328 0.22599998116493225 0.23200005292892456
9 0.5870000123977661 0.539000004529953 0.20200002193450928 0.20600003004074097
9 0.5979999899864197 0.7870000004768372 0.19599997997283936 0.22200000286102295
9 0.7699999809265137 0.8779999911785126 0.23199999332427979 0.21999996900558472
9 0.3840000033378601 0.6449999809265137 0.2239999771118164 0.23000001907348633
9 0.7660000026226044 0.6500000059604645 0.171999990940094 0.19999998807907104
9 0.14400000497698784 0.5 0.25200001150369644 0.24000000953674316
9 0.3669999986886978 0.3920000046491623 0.21400001645088196 0.21599999070167542
9 0.7309999763965607 0.23099999874830246 0.16200000047683716 0.17799998819828033
9 0.14400000497698784 0.5 0.25200001150369644 0.24000000953674316
9 0.7309999763965607 0.23099999874830246 0.16200000047683716 0.17799998819828033
9 0.5729999989271164 0.3150000050663948 0.1860000193119049 0.1979999989271164
