9 0.06300000101327896 0.7350000143051147 0.12600000202655792 0.2580000162124634
9 0.8149999976158142 0.6200000047683716 0.23000001907348633 0.19200003147125244
9 0.23800000548362732 0.5339999943971634 0.20800000429153442 0.20399996638298035
9 0.5970000177621841 0.6599999964237213 0.2460000216960907 0.2160000205039978
9 0.8939999938011169 0.34200000762939453 0.13199996948242188 0.1119999885559082
9 0.3179999962449074 0.6809999942779541 0.23999999463558197 0.23000001907348633
9 0.49400000274181366 0.5080000162124634 0.19600000977516174 0.18400001525878906
9 0.8709999918937683 0.4360000044107437 0.15799999237060547 0.12399998307228088
9 0.4479999840259552 0.9120000004768372 0.2919999957084656 0.17200005054473877
9 0.0819999985396862 0.15400000289082527 0.12799999862909317 0.13599999994039536
9 0.17900000512599945 0.4000000059604645 0.17800000309944153 0.17599999904632568
9 0.10199999809265137 0.94200000166893 0.20399999618530273 0.11200004816055298
9 0.695000022649765 0.48099999129772186 0.1980000138282776 0.16999998688697815
9 0.746999979019165 0.8680000007152557 0.3140000104904175 0.24400001764297485
9 0.75 0.3499999940395355 0.156000018119812 0.12000000476837158
9 0.3879999965429306 0.1550000011920929 0.1080000102519989 0.11800000071525574
9 0.3179999962449074 0.6809999942779541 0.23999999463558197 0.23000001907348633
9 0.06299999868497252 0.06599999964237213 0.11399999726563692 0.06000000238418579
9 0.9280000030994415 0.828000009059906 0.13599997758865356 0.12000000476837158
9 0.6369999945163727 0.1680000014603138 0.11400002241134644 0.1080000028014183
9 0.4130000025033951 0.3969999998807907 0.16599997878074646 0.16999998688697815
9 0.49900001287460327 0.49900001287460327 0.9980000257492065 0.9980000257492065
