9 0.2710000053048134 0.4259999841451645 0.20200000703334808 0.18799999356269836
9 0.2679999992251396 0.8570000231266022 0.2880000025033951 0.28200000524520874
9 0.29099999368190765 0.6349999904632568 0.23399999737739563 0.26999998092651367
9 0.7400000095367432 0.40799999237060547 0.18799996376037598 0.25999999046325684
9 0.0860000029206276 0.6860000193119049 0.1720000058412552 0.25599998235702515
9 0.5570000112056732 0.5910000056028366 0.21799999475479126 0.2619999945163727
9 0.8149999976158142 0.5590000003576279 0.2380000352859497 0.28999999165534973
9 0.08699999749660492 0.5120000094175339 0.17399999499320984 0.2600000202655792
9 0.8760000169277191 0.7789999842643738 0.24400001764297485 0.34200000762939453
9 0.5169999897480011 0.41200001537799835 0.18199998140335083 0.20000001788139343
9 0.6090000122785568 0.8310000002384186 0.27000001072883606 0.3340000510215759
9 0.4840000122785568 0.2749999985098839 0.1599999964237213 0.14999999105930328
9 0.27799999713897705 0.18400000035762787 0.14800000190734863 0.10400000214576721
9 0.45100000500679016 0.18300000578165054 0.1420000195503235 0.14600001275539398
9 0.7900000214576721 0.1339999996125698 0.13999998569488525 0.14400000125169754
9 0.8499999940395355 0.22999999672174454 0.16800004243850708 0.1759999841451645
9 0.6699999868869781 0.28600000590085983 0.1600000262260437 0.2280000001192093
9 0.9150000214576721 0.3500000014901161 0.16600000858306885 0.2200000137090683
9 0.6749999821186066 0.9800000190734863 0.1899999976158142 0.03600001335144043
9 0.2889999970793724 0.32999999821186066 0.1860000044107437 0.2199999988079071
9 0.07800000160932541 0.6850000023841858 0.15600000321865082 0.2539999485015869
9 0.6299999952316284 0.18899999931454659 0.13999998569488525 0.21000000089406967
9 0.8779999911785126 0.03799999877810478 0.12400001287460327 0.07599999755620956
9 0.041999999433755875 0.8920000195503235 0.08399999886751175 0.2120000123977661
9 0.5879999995231628 0.11900000274181366 0.1239999532699585 0.1940000057220459
9 0.9310000240802765 0.10399999842047691 0.1340000033378601 0.12799999862909317
9 0.431999996304512 0.09099999815225601 0.12799999117851257 0.09399999678134918
9 0.8760000169277191 0.7789999842643738 0.24400001764297485 0.34200000762939453
