9 0.7783333361148834 0.5934343338012695 0.4399999976158142 0.2929292917251587
9 0.07916666567325592 0.5000000149011612 0.15833333134651184 0.29797980189323425
9 0.8700000047683716 0.8333333134651184 0.2566666603088379 0.32828283309936523
9 0.37583334743976593 0.6780303120613098 0.44166669249534607 0.3055555820465088
9 0.15583333373069763 0.6527777761220932 0.31166666746139526 0.6893939077854156
9 0.1341666728258133 0.28282827883958817 0.2683333456516266 0.20707069337368011
9 0.5050000101327896 0.24116161465644836 0.4466666877269745 0.19949495792388916
9 0.07916666567325592 0.4343434199690819 0.15833333134651184 0.4343434125185013
9 0.07333333045244217 0.520202025771141 0.14666666090488434 0.25757578015327454
9 0.1574999988079071 0.16287879273295403 0.3149999976158142 0.15909091383218765
