9 0.5119999945163727 0.8400000035762787 0.2839999794960022 0.3160000443458557
9 0.8059999942779541 0.8410000205039978 0.30400002002716064 0.3140000104904175
9 0.4879999905824661 0.2760000079870224 0.19200000166893005 0.1680000126361847
9 0.81700000166893 0.44199998676776886 0.2459999918937683 0.2959999740123749
9 0.16300000622868538 0.4529999941587448 0.2460000142455101 0.2980000078678131
9 0.5989999920129776 0.4449999928474426 0.21399995684623718 0.28600001335144043
9 0.20800000429153442 0.8420000076293945 0.30000001192092896 0.312000036239624
9 0.37800000607967377 0.4439999908208847 0.21199998259544373 0.2800000011920929
9 0.4829999953508377 0.05000000074505806 0.15799996256828308 0.10000000149011612
9 0.49300001561641693 0.5850000083446503 0.242000013589859 0.2459999918937683
9 0.4829999953508377 0.1469999961555004 0.17399999499320984 0.12599999457597733
9 0.49300001561641693 0.5850000083446503 0.242000013589859 0.2459999918937683
9 0.37800000607967377 0.4439999908208847 0.21199998259544373 0.2800000011920929
