9 0.859000027179718 0.7650000154972076 0.27799999713897705 0.3100000023841858
9 0.23099999874830246 0.6450000107288361 0.23799999058246613 0.2980000376701355
9 0.8499999940395355 0.3760000020265579 0.1839999556541443 0.24799999594688416
9 0.5939999967813492 0.6099999845027924 0.21199998259544373 0.2919999957084656
9 0.7110000252723694 0.47700001299381256 0.1940000057220459 0.26600000262260437
9 0.4309999942779541 0.796999990940094 0.25 0.3259999752044678
9 0.40199999511241913 0.49000000953674316 0.19200000166893005 0.2680000066757202
9 0.08399999886751175 0.5109999924898148 0.1679999977350235 0.27799996733665466
9 0.18200000189244747 0.9430000185966492 0.2880000062286854 0.11000001430511475
9 0.4749999940395355 0.07300000358372927 0.12599998712539673 0.12600000761449337
9 0.6060000061988831 0.12399999983608723 0.13199996948242188 0.1640000008046627
9 0.09999999683350325 0.2929999977350235 0.17599999345839024 0.21000000834465027
9 0.7169999778270721 0.914000004529953 0.28200000524520874 0.16800004243850708
9 0.5270000100135803 0.19700000807642937 0.14600002765655518 0.15000001341104507
9 0.08399999886751175 0.8379999995231628 0.1679999977350235 0.3200000524520874
9 0.3879999965429306 0.13100000470876694 0.13600000739097595 0.12600000202655792
9 0.39100000262260437 0.278999999165535 0.16200000047683716 0.17800000309944153
9 0.68299999833107 0.2710000053048134 0.16200000047683716 0.17800001800060272
9 0.5460000187158585 0.3760000020265579 0.17200002074241638 0.23200002312660217
9 0.26500000059604645 0.20200000330805779 0.15400001406669617 0.1600000038743019
9 0.925000011920929 0.5789999961853027 0.14600002765655518 0.23399996757507324
