9 0.1484375 0.7625000178813934 0.296875 0.4694444537162781
9 0.9125000238418579 0.6819444298744202 0.171875 0.5527777671813965
9 0.5843749940395355 0.7305555641651154 0.40312498807907104 0.5333333611488342
9 0.703906238079071 0.18194444850087166 0.2109375 0.23055555671453476
9 0.49687498807907104 0.39027778804302216 0.28125 0.33055558800697327
9 0.15078124403953552 0.41805556416511536 0.30156248807907104 0.319444477558136
9 0.913281261920929 0.1583333406597376 0.1703125238418579 0.21666667982935905
9 0.5843749940395355 0.7305555641651154 0.40312498807907104 0.5333333611488342
9 0.8203125 0.3680555671453476 0.2781250476837158 0.347222238779068
9 0.1757812462747097 0.20555555075407028 0.23906249552965164 0.1944444328546524
9 0.82421875 0.07361111044883728 0.17656254768371582 0.14722222089767456
9 0.44999998807907104 0.17777777463197708 0.21875 0.18333332240581512
9 0.03281249850988388 0.11944444198161364 0.06562499701976776 0.1888888832181692
9 0.6312500238418579 0.07777778059244156 0.171875 0.15555556118488312
