9 0.1159539446234703 0.710526317358017 0.2319078892469406 0.49122804403305054
9 0.3231907933950424 0.5687134563922882 0.2253289520740509 0.4181286692619324
9 0.48108553886413574 0.7967836260795593 0.2450658082962036 0.4005848169326782
9 0.5098684132099152 0.4459064304828644 0.21052628755569458 0.359649121761322
9 0.921875 0.17836258001625538 0.15296053886413574 0.24561404809355736
9 0.8125 0.25438596680760384 0.18092107772827148 0.2690058574080467
9 0.1850328892469406 0.3347953259944916 0.21546050906181335 0.3538011908531189
9 0.2606907933950424 0.8684210479259491 0.27138158679008484 0.2573099732398987
9 0.671875 0.34210526943206787 0.1924341917037964 0.30994153022766113
9 0.36513157188892365 0.23976608365774155 0.19736841320991516 0.31578947603702545
9 0.8231907784938812 0.5555555522441864 0.2121710181236267 0.3625730872154236
9 0.8231907784938812 0.5555555522441864 0.2121710181236267 0.3625730872154236
9 0.6628289520740509 0.10526315867900848 0.17105263471603394 0.21052631735801697
9 0.8059210479259491 0.06578947603702545 0.14802628755569458 0.1315789520740509
9 0.2549342140555382 0.09502924233675003 0.1875000149011612 0.19005848467350006
9 0.8338815569877625 0.859649121761322 0.25328946113586426 0.27485382556915283
9 0.5238486677408218 0.15789473988115788 0.18256577849388123 0.27485380694270134
9 0.9284539520740509 0.4429824650287628 0.13980263471603394 0.3187134861946106
9 0.5238486677408218 0.15789473988115788 0.18256577849388123 0.27485380694270134
9 0.5098684132099152 0.4459064304828644 0.21052628755569458 0.359649121761322
9 0.36513157188892365 0.23976608365774155 0.19736841320991516 0.31578947603702545
9 0.08881578594446182 0.14473684132099152 0.17763157188892365 0.28947368264198303
9 0.6463815867900848 0.932748556137085 0.2434210181236267 0.12865495681762695
9 0.08881578594446182 0.14473684132099152 0.17763157188892365 0.28947368264198303
9 0.04769736900925636 0.37719299644231796 0.09539473801851273 0.263157919049263
9 0.1850328892469406 0.3347953259944916 0.21546050906181335 0.3538011908531189
9 0.6652960479259491 0.6827485412359238 0.22861844301223755 0.41228070855140686
9 0.6669408082962036 0.6081871390342712 0.22203946113586426 0.2514619827270508
9 0.025493420660495758 0.8230994343757629 0.050986841320991516 0.15497076511383057
9 0.2615131586790085 0.8684210479259491 0.2697368562221527 0.2573099732398987
9 0.42023026943206787 0.0555555559694767 0.1430920958518982 0.1111111119389534
9 0.9407894909381866 0.7236841917037964 0.11513155698776245 0.25438594818115234
9 0.9399670958518982 0.7967836260795593 0.11677634716033936 0.4005848169326782
9 0.06414473801851273 0.9517543911933899 0.12828947603702545 0.09064328670501709
