9 0.5050000101327896 0.380000002682209 0.23800000548362732 0.267999991774559
9 0.7829999923706055 0.2200000025331974 0.23000001907348633 0.2720000073313713
9 0.8040000200271606 0.4179999977350235 0.2680000066757202 0.30399999022483826
9 0.2930000051856041 0.20800000242888927 0.21800000965595245 0.29600000753998756
9 0.49699999392032623 0.6560000032186508 0.27799996733665466 0.3279999792575836
9 0.5370000153779984 0.17799999564886093 0.21000000834465027 0.2239999920129776
9 0.22600000351667404 0.3920000046491623 0.2640000134706497 0.30799999833106995
9 0.1550000011920929 0.6319999992847443 0.3100000023841858 0.3199999928474426
9 0.80799999833107 0.05400000140070915 0.19999998807907104 0.1080000028014183
9 0.13099999725818634 0.8920000195503235 0.2619999945163727 0.2120000123977661
9 0.8400000035762787 0.6879999935626984 0.3160000443458557 0.3319999575614929
9 0.46300001442432404 0.9200000166893005 0.33000001311302185 0.156000018119812
9 0.49699999392032623 0.6560000032186508 0.27799996733665466 0.3279999792575836
9 0.8350000083446503 0.9560000002384186 0.22999995946884155 0.08400005102157593
9 0.5050000101327896 0.380000002682209 0.23800000548362732 0.267999991774559
9 0.09399999678134918 0.14500000327825546 0.18799999356269836 0.20200000703334808
9 0.49900001287460327 0.5220000129193068 0.9980000257492065 0.9520000256597996
9 0.5820000171661377 0.0560000017285347 0.18400001525878906 0.1120000034570694
9 0.5810000002384186 0.08799999952316284 0.18199998140335083 0.17599999904632568
9 0.8400000035762787 0.6879999935626984 0.3160000443458557 0.3319999575614929
