9 0.2280000038444996 0.8190000057220459 0.2880000099539757 0.33399999141693115
9 0.8819999992847443 0.6309999823570251 0.23200005292892456 0.3059999942779541
9 0.478999987244606 0.6159999966621399 0.22999998927116394 0.30799996852874756
9 0.30800000578165054 0.46800000965595245 0.21199999749660492 0.2840000092983246
9 0.7829999923706055 0.1469999998807907 0.16600000858306885 0.16200000047683716
9 0.6550000011920929 0.4689999967813492 0.20600003004074097 0.28599998354911804
9 0.7870000004768372 0.35500000417232513 0.1940000057220459 0.26600000262260437
9 0.7230000197887421 0.8209999799728394 0.27399998903274536 0.33399999141693115
9 0.6369999945163727 0.06999999831896275 0.1459999680519104 0.1359999964479357
9 0.48399998247623444 0.33899999409914017 0.18399998545646667 0.2499999850988388
9 0.0949999988079071 0.5799999833106995 0.1899999976158142 0.23199999332427979
9 0.3789999932050705 0.07100000232458115 0.1419999897480011 0.1420000046491623
9 0.0949999988079071 0.5779999792575836 0.1899999976158142 0.2279999852180481
9 0.49300001561641693 0.13899999670684338 0.15800002217292786 0.15799999609589577
9 0.335999995470047 0.2330000028014183 0.171999990940094 0.21400000154972076
9 0.636000007390976 0.22599999606609344 0.171999990940094 0.18799999356269836
9 0.5080000013113022 0.032999999821186066 0.12399998307228088 0.06599999964237213
9 0.15599999576807022 0.3050000071525574 0.20799998939037323 0.1940000057220459
9 0.875 0.0820000022649765 0.1499999761581421 0.164000004529953
9 0.4620000123977661 0.9130000174045563 0.29600000381469727 0.17000001668930054
9 0.9240000247955322 0.26999999582767487 0.14800000190734863 0.25200000405311584
9 0.2200000062584877 0.1459999978542328 0.1600000113248825 0.20399999618530273
9 0.4620000123977661 0.9130000174045563 0.29600000381469727 0.17000001668930054
