3 0.2290000021457672 0.6671428680419922 0.17000001668930054 0.25999999046325684
3 0.24000000581145287 0.42428572475910187 0.23600000888109207 0.28857144713401794
3 0.7130000293254852 0.1485714316368103 0.16200000047683716 0.2971428632736206
3 0.8149999976158142 0.4214285612106323 0.1419999599456787 0.3171428442001343
3 0.0689999982714653 0.8871428668498993 0.1379999965429306 0.21999996900558472
3 0.164000004529953 0.1900000066962093 0.328000009059906 0.3685714420862496
3 0.035999998450279236 0.9728571474552155 0.07199999690055847 0.04857140779495239
3 0.8840000033378601 0.6199999898672104 0.10399997234344482 0.2742857038974762
3 0.11999999731779099 0.7714285552501678 0.23999999463558197 0.37714284658432007
3 0.08000000368338078 0.5914285778999329 0.15600000717677176 0.13714289665222168
3 0.8619999885559082 0.81142857670784 0.10399997234344482 0.1657143235206604
3 0.3489999920129776 0.7671428322792053 0.17800000309944153 0.26571428775787354
