3 0.22072071582078934 0.8210000097751617 0.10810808837413788 0.2459999918937683
3 0.6981981992721558 0.392000000923872 0.19819819927215576 0.6320000067353249
3 0.17942942678928375 0.4960000216960907 0.16966965794563293 0.4480000138282776
3 0.3821321427822113 0.8219999969005585 0.09759759902954102 0.2639999985694885
3 0.42942942678928375 0.4180000014603138 0.18318316340446472 0.6080000028014183
3 0.7612612545490265 0.7509999871253967 0.14714711904525757 0.37800002098083496
3 0.30930931866168976 0.6200000047683716 0.13513514399528503 0.3960000276565552
3 0.5983483493328094 0.6169999986886978 0.16066068410873413 0.39400002360343933
3 0.5570570528507233 0.7949999868869781 0.11711710691452026 0.3100000023841858
3 0.5983483493328094 0.6169999986886978 0.16066068410873413 0.39400002360343933
3 0.5570570528507233 0.7949999868869781 0.11711710691452026 0.3100000023841858
3 0.30930931866168976 0.6200000047683716 0.13513514399528503 0.3960000276565552
3 0.7612612545490265 0.7509999871253967 0.14714711904525757 0.37800002098083496
