13 0.5075062662363052 0.3812499940395355 0.33277735114097595 0.3349999785423279
13 0.657214343547821 0.7437499910593033 0.1000833511352539 0.5099999606609344
13 0.10175146162509918 0.3687499985098839 0.20350292325019836 0.3449999839067459
13 0.46663886308670044 0.867499977350235 0.1292743682861328 0.1899999976158142
13 0.05004170164465904 0.47874999046325684 0.10008340328931808 0.3174999952316284
13 0.21643035858869553 0.3368750065565109 0.09424521028995514 0.24125000834465027
13 0.34820684790611267 0.5818749964237213 0.17431193590164185 0.14875000715255737
13 0.22727273404598236 0.7118750214576721 0.07589659094810486 0.20375001430511475
13 0.30859048664569855 0.7037500143051147 0.0884070098400116 0.19249999523162842
13 0.18640533834695816 0.6018750071525574 0.11092577874660492 0.1312500238418579
13 0.20141784101724625 0.03437500074505806 0.1309424489736557 0.06875000149011612
