5 0.597000002861023 0.6711711585521698 0.22200000286102295 0.3333333134651184
5 0.9560000002384186 0.6606606543064117 0.08400005102157593 0.3243243098258972
5 0.06199999898672104 0.7477477490901947 0.12399999797344208 0.33633631467819214
5 0.843999981880188 0.4354354292154312 0.2239999771118164 0.33033034205436707
5 0.22199999541044235 0.6171171218156815 0.2239999920129776 0.3333333432674408
5 0.42100000381469727 0.462462455034256 0.22200000286102295 0.3303303122520447
5 0.8129999935626984 0.7747747600078583 0.22600001096725464 0.33633631467819214
5 0.07599999755620956 0.40840841829776764 0.15199999511241913 0.33033034205436707
5 0.9690000116825104 0.30180180072784424 0.058000028133392334 0.29729729890823364
5 0.24300000071525574 0.2597597651183605 0.21799999475479126 0.3333333507180214
5 0.3970000147819519 0.8348348438739777 0.22200000286102295 0.3243243098258972
