5 0.5428360402584076 0.27400000020861626 0.08419495820999146 0.41999999433755875
5 0.4519940912723541 0.6990000009536743 0.08567208051681519 0.4179999828338623
5 0.4527326375246048 0.2710000015795231 0.08714917302131653 0.4299999997019768
5 0.17503692209720612 0.6069999933242798 0.09601181745529175 0.1979999542236328
5 0.07016247883439064 0.4760000091046095 0.1137370690703392 0.8880000151693821
5 0.8988183438777924 0.6909999996423721 0.09601181745529175 0.414000004529953
5 0.7282127141952515 0.17500000447034836 0.08862626552581787 0.21400000154972076
5 0.717134416103363 0.6950000077486038 0.0901033878326416 0.4020000398159027
5 0.5406203866004944 0.6950000077486038 0.0827178955078125 0.414000004529953
5 0.6344165503978729 0.42800000309944153 0.06942397356033325 0.12000000476837158
5 0.36041359603405 0.2690000031143427 0.08862629532814026 0.43800000473856926
