5 0.186353 0.329649 0.261099 0.422627
5 0.505747 0.157347 0.201982 0.249675
5 0.698698 0.324447 0.206908 0.336801
5 0.909301 0.456437 0.174887 0.314694
5 0.915034 0.127438 0.169932 0.252276
5 0.458536 0.500650 0.247141 0.332900
5 0.737698 0.754876 0.207730 0.407022
5 0.935561 0.871261 0.128878 0.252276
5 0.354671 0.815345 0.320216 0.322497
5 0.103836 0.690507 0.181455 0.306892
5 0.104657 0.931079 0.183098 0.137841
5 0.065246 0.084525 0.127265 0.169050
5 0.319776 0.059168 0.232362 0.105332
5 0.747962 0.048765 0.149434 0.087126