5 0.49025487899780273 0.3540000021457672 0.07196402549743652 0.12000000476837158
5 0.6469265222549438 0.5499999970197678 0.08845579624176025 0.13199999928474426
5 0.43928036093711853 0.4690000116825104 0.06596702337265015 0.11400002241134644
5 0.7361319363117218 0.6649999916553497 0.10194903612136841 0.1420000195503235
5 0.507496252655983 0.5629999935626984 0.07346329092979431 0.11799997091293335
5 0.33283357322216034 0.48900000751018524 0.06296852231025696 0.11399999260902405
5 0.37556222081184387 0.3830000013113022 0.06146925687789917 0.10999998450279236
5 0.3905547261238098 0.574999988079071 0.06146925687789917 0.11000001430511475
5 0.75037482380867 0.9199999868869781 0.10044974088668823 0.14399999380111694
5 0.6799100488424301 0.36399999260902405 0.637181431055069 0.7279999852180481
5 0.5787106454372406 0.6679999828338623 0.0809594988822937 0.12800002098083496
5 0.5209895074367523 0.777999997138977 0.07346326112747192 0.1239999532699585
5 0.6671664118766785 0.7820000052452087 0.11394298076629639 0.1640000343322754
5 0.5674662590026855 0.44700001180171967 0.0794602632522583 0.12200000882148743
