5 0.33400000631809235 0.9133986830711365 0.46000000834465027 0.16993463039398193
5 0.2199999988079071 0.3006535992026329 0.2919999957084656 0.24836601316928864
5 0.7840000092983246 0.8218954205513 0.42000001668930054 0.17647063732147217
5 0.34699999541044235 0.7328431606292725 0.39000000059604645 0.14542484283447266
5 0.7470000088214874 0.7271241843700409 0.38200002908706665 0.15032678842544556
5 0.5990000069141388 0.3758170083165169 0.27000004053115845 0.2679738849401474
5 0.41700001060962677 0.3390522822737694 0.27400001883506775 0.259803906083107
5 0.710999995470047 0.6478758156299591 0.3540000319480896 0.1290850043296814
5 0.7979999780654907 0.1380718955770135 0.23199999332427979 0.23039215616881847
5 0.4450000077486038 0.09558823704719543 0.257999986410141 0.19117647409439087
5 0.4450000077486038 0.09558823704719543 0.257999986410141 0.19117647409439087
5 0.6260000169277191 0.1062091514468193 0.24400001764297485 0.2124183028936386
5 0.2070000022649765 0.13316993415355682 0.414000004529953 0.26633986830711365
