5 0.8830000162124634 0.460999995470047 0.12999999523162842 0.3019999861717224
5 0.11000000312924385 0.4950000047683716 0.15200000256299973 0.3059999942779541
5 0.6610000133514404 0.5560000091791153 0.12199997901916504 0.31200000643730164
5 0.42100000381469727 0.6500000059604645 0.1380000114440918 0.3199999928474426
5 0.3410000056028366 0.4010000079870224 0.12600001692771912 0.27800002694129944
5 0.5389999896287918 0.5989999920129776 0.12999996542930603 0.3139999806880951
5 0.2809999957680702 0.703000009059906 0.16599999368190765 0.3179999589920044
5 0.45799998939037323 0.35599999874830246 0.12399998307228088 0.2799999862909317
5 0.22200000286102295 0.45099999010562897 0.14800000190734863 0.26600000262260437
5 0.6710000038146973 0.28200000524520874 0.11399996280670166 0.2639999985694885
5 0.7669999897480011 0.25300000607967377 0.12599998712539673 0.23800000548362732
5 0.45799998939037323 0.35599999874830246 0.12399998307228088 0.2799999862909317
5 0.5639999955892563 0.3269999995827675 0.13199999928474426 0.2620000094175339
