5 0.22199999541044235 0.7096219956874847 0.2239999920129776 0.3814433217048645
5 0.843999981880188 0.501718208193779 0.2239999771118164 0.37800684571266174
5 0.9560000002384186 0.7594501674175262 0.08400005102157593 0.3711339831352234
5 0.06199999898672104 0.8316151201725006 0.12399999797344208 0.32989686727523804
5 0.42100000381469727 0.52920962870121 0.22200000286102295 0.3780069053173065
5 0.597000002861023 0.7714776694774628 0.22200000286102295 0.3814433217048645
5 0.24199999868869781 0.298969067633152 0.2199999988079071 0.37800686061382294
5 0.07599999755620956 0.4690721482038498 0.15199999511241913 0.3814432919025421
5 0.3970000147819519 0.8848797082901001 0.22200000286102295 0.22336769104003906
5 0.07500000298023224 0.10481099784374237 0.15000000596046448 0.20962199568748474
5 0.9690000116825104 0.34364261478185654 0.058000028133392334 0.33676977455616
5 0.6309999823570251 0.3711340203881264 0.22200000286102295 0.37800686061382294
