5 0.158641 0.297789 0.113949 0.145644
5 0.417217 0.520806 0.105183 0.180754
5 0.473704 0.406372 0.077914 0.193758
5 0.582296 0.483095 0.106157 0.120936
5 0.557461 0.252276 0.089601 0.156047
5 0.635375 0.159298 0.111027 0.188557
5 0.821394 0.124187 0.109079 0.094928
5 0.749811 0.386216 0.129531 0.195059
5 0.894438 0.828999 0.109079 0.248375
5 0.614923 0.888166 0.114923 0.124837
5 0.500974 0.888166 0.107131 0.197659
5 0.450817 0.692458 0.141219 0.139142
5 0.614436 0.637841 0.073044 0.131339
5 0.299372 0.637191 0.077914 0.075423
5 0.349529 0.797139 0.141219 0.202861
5 0.275998 0.868010 0.122714 0.243173
5 0.178119 0.831599 0.078888 0.115735
5 0.063196 0.779584 0.108105 0.159948
5 0.140623 0.579324 0.151932 0.133940
5 0.098745 0.144993 0.194784 0.159948
5 0.411860 0.230819 0.119792 0.170351
5 0.481982 0.094928 0.176280 0.130039
5 0.329564 0.490897 0.058435 0.089727
5 0.320799 0.345254 0.190888 0.188557
5 0.134293 0.414174 0.164593 0.170351
5 0.743967 0.723017 0.137323 0.148244
5 0.820420 0.584525 0.101288 0.076723
5 0.970106 0.457087 0.059788 0.175553